start=2899.600000
speed=0.909091
